const train_hand_connections = [
  [3, 4],
  [0, 5],
  [17, 18],
  [0, 17],
  [13, 14],
  [13, 17],
  [18, 19],
  [5, 6],
  [5, 9],
  [14, 15],
  [0, 1],
  [9, 10],
  [1, 2],
  [9, 13],
  [10, 11],
  [19, 20],
  [6, 7],
  [15, 16],
  [2, 3],
  [11, 12],
  [7, 8],
];

const train_angles = [
  [
    "A",
    0,
    1.1070721100502474,
    0.8904479984991603,
    0.18215204267848945,
    0.9079527405541251,
    1.2578834092997282,
    2.746611576872538,
    0.9060288309287042,
    0.943840536819823,
    2.6499574261921133,
    1.884416194632198,
    0.9269848191363378,
    1.3830454350405206,
    1.140433438924166,
    2.543561787997224,
    2.4749511847171983,
    2.398315306013746,
    2.4273250978086542,
    0.9312987634958888,
    2.4336575707642325,
    2.3634826434928025,
    1.1070721100502474,
    0,
    0.5804002611095624,
    0.9359305025788189,
    0.7299632343765333,
    2.355051156233523,
    2.384755801284974,
    0.6047653674521848,
    2.0498694626588643,
    2.5139749185806313,
    0.8508046587438599,
    0.6819248485870574,
    0.2759813349081803,
    2.2426273861910127,
    2.59594201930846,
    2.4427896036422045,
    2.591445594149529,
    2.5099364592779865,
    0.17605769185288286,
    2.727905487607413,
    2.7523343046458466,
    0.8904479984991603,
    0.5804002611095624,
    0,
    0.7188838629599742,
    0.15313206580728259,
    1.91222379286625,
    2.6303349030773227,
    0.031344245404423675,
    1.7232570571259964,
    2.65272421949384,
    1.0305050505896565,
    0.11225752250020074,
    0.7584877125773861,
    1.831293962800226,
    2.474657406279963,
    2.911304072889061,
    2.3004592457834385,
    2.9653854081373745,
    0.5181034917680597,
    2.739040810211902,
    2.472088167028896,
    0.18215204267848945,
    0.9359305025788189,
    0.7188838629599742,
    0,
    0.7527190485614588,
    1.4219594876114279,
    2.9274649157249075,
    0.7368196916237159,
    1.1196047801218463,
    2.829050594870539,
    1.7023164725088549,
    0.765843493057127,
    1.211412592695082,
    1.3071988322712942,
    2.683224781391281,
    2.639078816993999,
    2.5050925550078067,
    2.5983799968854853,
    0.7615278791806618,
    2.61156176298012,
    2.50809112078566,
    0.9079527405541251,
    0.7299632343765333,
    0.15313206580728259,
    0.7527190485614588,
    0,
    1.8079846288990322,
    2.577086454352985,
    0.12574153924288933,
    1.6589103940882668,
    2.5625501202277134,
    1.077536137331915,
    0.051166041898937656,
    0.8895194204753661,
    1.738504933326231,
    2.353100664239845,
    2.8868191269422927,
    2.1657149610372928,
    2.900746395310855,
    0.6708710125607202,
    2.6048891239951693,
    2.330114624828556,
    1.2578834092997282,
    2.355051156233523,
    1.91222379286625,
    1.4219594876114279,
    1.8079846288990322,
    0,
    1.5425543272308968,
    1.9035507188606697,
    0.351598993750566,
    1.4140241110972298,
    2.6812721579707888,
    1.857288210814578,
    2.6257242197426383,
    0.12100402973405751,
    1.291386453437178,
    1.4251484040875726,
    1.1953650175525827,
    1.3544933482657502,
    2.1828602954493435,
    1.1997443841146325,
    1.1121284851593871,
    2.746611576872538,
    2.384755801284974,
    2.6303349030773227,
    2.9274649157249075,
    2.577086454352985,
    1.5425543272308968,
    0,
    2.6099612989011325,
    1.8244934805140358,
    0.13971438171908646,
    1.6513976067454754,
    2.5717343116317872,
    2.1141681767369946,
    1.652033672990531,
    0.37735892866949644,
    0.30974987785574865,
    0.5888832035338841,
    0.338416916711015,
    2.552042407077456,
    0.3431511598115879,
    0.5211636485227296,
    0.9060288309287042,
    0.6047653674521848,
    0.031344245404423675,
    0.7368196916237159,
    0.12574153924288933,
    1.9035507188606697,
    2.6099612989011325,
    0,
    1.7241635713902548,
    2.6265033001860734,
    1.024994516530593,
    0.08195234464528503,
    0.7747684462980239,
    1.8255311930562437,
    2.444275603499677,
    2.9003007181914398,
    2.2691883108070554,
    2.9477782019128784,
    0.5473423160686675,
    2.7079310961090646,
    2.440765920059727,
    0.943840536819823,
    2.0498694626588643,
    1.7232570571259964,
    1.1196047801218463,
    1.6589103940882668,
    0.351598993750566,
    1.8244934805140358,
    1.7241635713902548,
    0,
    1.7095247359464005,
    2.727823952168931,
    1.7013296033556484,
    2.3253638465596653,
    0.23396752620796266,
    1.6231581365672447,
    1.6406981803395904,
    1.5436079901165711,
    1.573821404868126,
    1.8738167777321755,
    1.4919645557787835,
    1.4471882520038104,
    2.6499574261921133,
    2.5139749185806313,
    2.65272421949384,
    2.829050594870539,
    2.5625501202277134,
    1.4140241110972298,
    0.13971438171908646,
    2.6265033001860734,
    1.7095247359464005,
    0,
    1.7420337367470846,
    2.570384212982886,
    2.23996614332476,
    1.5263056844525733,
    0.25636223174647393,
    0.33917748118003044,
    0.47079611821069384,
    0.33825809003400287,
    2.685299264304182,
    0.21760561422170172,
    0.384183971241469,
    1.884416194632198,
    0.8508046587438599,
    1.0305050505896565,
    1.7023164725088549,
    1.077536137331915,
    2.6812721579707888,
    1.6513976067454754,
    1.024994516530593,
    2.727823952168931,
    1.7420337367470846,
    0,
    1.0380557235192625,
    0.6136710490941749,
    2.7044807386392016,
    1.7503215242995314,
    1.8820598753761364,
    1.7532392394991905,
    1.944072260699684,
    1.0144901648131075,
    1.9496736819781542,
    1.9017672845418458,
    0.9269848191363378,
    0.6819248485870574,
    0.11225752250020074,
    0.765843493057127,
    0.051166041898937656,
    1.857288210814578,
    2.5717343116317872,
    0.08195234464528503,
    1.7013296033556484,
    2.570384212982886,
    1.0380557235192625,
    0,
    0.8383750788040407,
    1.7861759253828395,
    2.3732932934139983,
    2.878179167830589,
    2.192461590547146,
    2.906154794997709,
    0.6291808413309592,
    2.6321112719286646,
    2.361456023177926,
    1.3830454350405206,
    0.2759813349081803,
    0.7584877125773861,
    1.211412592695082,
    0.8895194204753661,
    2.6257242197426383,
    2.1141681767369946,
    0.7747684462980239,
    2.3253638465596653,
    2.23996614332476,
    0.6136710490941749,
    0.8383750788040407,
    0,
    2.5166172697073796,
    2.3287977707722582,
    2.215098705734958,
    2.364265623534526,
    2.2855554978101336,
    0.45182896748539186,
    2.456117991917311,
    2.4975255669620613,
    1.140433438924166,
    2.2426273861910127,
    1.831293962800226,
    1.3071988322712942,
    1.738504933326231,
    0.12100402973405751,
    1.652033672990531,
    1.8255311930562437,
    0.23396752620796266,
    1.5263056844525733,
    2.7044807386392016,
    1.7861759253828395,
    2.5166172697073796,
    0,
    1.4110007407822756,
    1.5158783630583401,
    1.3162313261646812,
    1.445767174796278,
    2.0687266384201157,
    1.3104500125817902,
    1.2321024851157394,
    2.543561787997224,
    2.59594201930846,
    2.474657406279963,
    2.683224781391281,
    2.353100664239845,
    1.291386453437178,
    0.37735892866949644,
    2.444275603499677,
    1.6231581365672447,
    0.25636223174647393,
    1.7503215242995314,
    2.3732932934139983,
    2.3287977707722582,
    1.4110007407822756,
    0,
    0.57573832769504,
    0.2144679430870956,
    0.55535920262173,
    2.7647919933022465,
    0.27169028468616413,
    0.18020757240904822,
    2.4749511847171983,
    2.4427896036422045,
    2.911304072889061,
    2.639078816993999,
    2.8868191269422927,
    1.4251484040875726,
    0.30974987785574865,
    2.9003007181914398,
    1.6406981803395904,
    0.33917748118003044,
    1.8820598753761364,
    2.878179167830589,
    2.215098705734958,
    1.5158783630583401,
    0.57573832769504,
    0,
    0.7813845293159304,
    0.07076335679113135,
    2.561881645741231,
    0.3694259357764811,
    0.6440706333679164,
    2.398315306013746,
    2.591445594149529,
    2.3004592457834385,
    2.5050925550078067,
    2.1657149610372928,
    1.1953650175525827,
    0.5888832035338841,
    2.2691883108070554,
    1.5436079901165711,
    0.47079611821069384,
    1.7532392394991905,
    2.192461590547146,
    2.364265623534526,
    1.3162313261646812,
    0.2144679430870956,
    0.7813845293159304,
    0,
    0.7531947405208737,
    2.718683611093064,
    0.4397149179952853,
    0.18662879771940824,
    2.4273250978086542,
    2.5099364592779865,
    2.9653854081373745,
    2.5983799968854853,
    2.900746395310855,
    1.3544933482657502,
    0.338416916711015,
    2.9477782019128784,
    1.573821404868126,
    0.33825809003400287,
    1.944072260699684,
    2.906154794997709,
    2.2855554978101336,
    1.445767174796278,
    0.55535920262173,
    0.07076335679113135,
    0.7531947405208737,
    0,
    2.622012690058277,
    0.32547472936189326,
    0.6042703720436605,
    0.9312987634958888,
    0.17605769185288286,
    0.5181034917680597,
    0.7615278791806618,
    0.6708710125607202,
    2.1828602954493435,
    2.552042407077456,
    0.5473423160686675,
    1.8738167777321755,
    2.685299264304182,
    1.0144901648131075,
    0.6291808413309592,
    0.45182896748539186,
    2.0687266384201157,
    2.7647919933022465,
    2.561881645741231,
    2.718683611093064,
    2.622012690058277,
    0,
    2.8923512254821473,
    2.899975553202055,
    2.4336575707642325,
    2.727905487607413,
    2.739040810211902,
    2.61156176298012,
    2.6048891239951693,
    1.1997443841146325,
    0.3431511598115879,
    2.7079310961090646,
    1.4919645557787835,
    0.21760561422170172,
    1.9496736819781542,
    2.6321112719286646,
    2.456117991917311,
    1.3104500125817902,
    0.27169028468616413,
    0.3694259357764811,
    0.4397149179952853,
    0.32547472936189326,
    2.8923512254821473,
    0,
    0.2791965498321549,
    2.3634826434928025,
    2.7523343046458466,
    2.472088167028896,
    2.50809112078566,
    2.330114624828556,
    1.1121284851593871,
    0.5211636485227296,
    2.440765920059727,
    1.4471882520038104,
    0.384183971241469,
    1.9017672845418458,
    2.361456023177926,
    2.4975255669620613,
    1.2321024851157394,
    0.18020757240904822,
    0.6440706333679164,
    0.18662879771940824,
    0.6042703720436605,
    2.899975553202055,
    0.2791965498321549,
    0,
  ],
  [
    "B",
    0,
    1.621573222593819,
    1.2778733240472115,
    1.0102975980545128,
    1.3496488517132694,
    0.7222185256508333,
    1.3710298503896838,
    1.421223012457019,
    0.06174807546684269,
    1.4163036568889438,
    2.2754146971812363,
    1.391179234091783,
    1.587905489781889,
    0.4194898407619641,
    1.320947848964875,
    1.3403513698011207,
    1.3065727118703556,
    1.3001846727140238,
    1.0437693740064402,
    1.1943127370971378,
    1.1994547065630141,
    1.621573222593819,
    0,
    0.3498949212713925,
    0.6205592236980658,
    0.27330067976358524,
    2.298018825478382,
    0.2517312976571348,
    0.21991519876251994,
    1.6233066117194215,
    0.24882774985653552,
    0.7207449703147958,
    0.23131812371397303,
    0.04158978114449138,
    2.0060400715698665,
    0.32973693751344585,
    0.2847961719711791,
    0.38186205146640734,
    0.3671626253616313,
    0.5786928990135747,
    0.45516230349628933,
    0.47795750500897155,
    1.2778733240472115,
    0.3498949212713925,
    0,
    0.270841727301428,
    0.08098695538422043,
    1.949383121408645,
    0.10159404665381694,
    0.14533547502089209,
    1.2761825925381494,
    0.15639360474320124,
    1.0285036056800627,
    0.12167099269705722,
    0.3227097618340165,
    1.6561681766444398,
    0.08025445169453277,
    0.06570583822176745,
    0.14858977094245404,
    0.11084448500445755,
    0.25128307605891353,
    0.12187509093093779,
    0.1724828515862637,
    1.0102975980545128,
    0.6205592236980658,
    0.270841727301428,
    0,
    0.34822089627451064,
    1.6804704899666094,
    0.36974767686243803,
    0.4114198974556692,
    1.0063726811741183,
    0.4068604959225131,
    1.2818139638786574,
    0.39023687982764876,
    0.5920028681862411,
    1.38550593360578,
    0.31142284904576584,
    0.3357748010262809,
    0.31142966906889175,
    0.2961794233618224,
    0.1294912085035014,
    0.1888452547368801,
    0.2156750048992293,
    1.3496488517132694,
    0.27330067976358524,
    0.08098695538422043,
    0.34822089627451064,
    0,
    2.0284317697682814,
    0.021584007059716984,
    0.09486499544274471,
    1.3502057824839062,
    0.12988601482069453,
    0.9688506973518223,
    0.042066889908522684,
    0.2437834734092517,
    1.7334241259410577,
    0.10988816502012878,
    0.019626310016474757,
    0.1897906934214807,
    0.15533065382546332,
    0.3110683747920281,
    0.20046371591121281,
    0.2440401686716479,
    0.7222185256508333,
    2.298018825478382,
    1.949383121408645,
    1.6804704899666094,
    2.0284317697682814,
    0,
    2.0498690790877734,
    2.07998940439031,
    0.7030398143087553,
    2.059574696037485,
    2.657932138361727,
    2.070312830990685,
    2.2720259075223983,
    0.3053402837545985,
    1.9707767296432248,
    2.0150166276997847,
    1.930550533366157,
    1.9376217509280684,
    1.7423337926585267,
    1.8435237114889613,
    1.8268426984751232,
    1.3710298503896838,
    0.2517312976571348,
    0.10159404665381694,
    0.36974767686243803,
    0.021584007059716984,
    2.0498690790877734,
    0,
    0.08241254033179027,
    1.3717305192715066,
    0.12329690553884358,
    0.9491839710407547,
    0.020494603698293163,
    0.22227406610638423,
    1.7549963935167479,
    0.12020498166490476,
    0.036773110016986486,
    0.19896510929981356,
    0.16638530091806406,
    0.33168071833496265,
    0.21936508883560268,
    0.2603310901347441,
    1.421223012457019,
    0.21991519876251994,
    0.14533547502089209,
    0.4114198974556692,
    0.09486499544274471,
    2.07998940439031,
    0.08241254033179027,
    0,
    1.4177301496361134,
    0.049802791937388353,
    0.8835646992758832,
    0.07548129924958932,
    0.20249654398995912,
    1.7924292195450415,
    0.10982776415230792,
    0.09244779945051014,
    0.16909998017896122,
    0.14875178605627373,
    0.39501386486118006,
    0.23655104046667594,
    0.25860422486311363,
    0.06174807546684269,
    1.6233066117194215,
    1.2761825925381494,
    1.0063726811741183,
    1.3502057824839062,
    0.7030398143087553,
    1.3717305192715066,
    1.4177301496361134,
    0,
    1.4097358180023007,
    2.255379674594985,
    1.3920754321939282,
    1.5912094754938042,
    0.3977457045280885,
    1.3148385142158667,
    1.3398326154755404,
    1.295516121681161,
    1.291496083135885,
    1.048769670266327,
    1.1870139524232677,
    1.1879537116504988,
    1.4163036568889438,
    0.24882774985653552,
    0.15639360474320124,
    0.4068604959225131,
    0.12988601482069453,
    2.059574696037485,
    0.12329690553884358,
    0.049802791937388353,
    1.4097358180023007,
    0,
    0.8777045929411799,
    0.12128440096018392,
    0.23800047679678463,
    1.7774925808620776,
    0.09545343614153533,
    0.12082707637642384,
    0.1330418209932511,
    0.12200890589913739,
    0.40673257318299566,
    0.22276443901909326,
    0.23278716531306134,
    2.2754146971812363,
    0.7207449703147958,
    1.0285036056800627,
    1.2818139638786574,
    0.9688506973518223,
    2.657932138361727,
    0.9491839710407547,
    0.8835646992758832,
    2.255379674594985,
    0.8777045929411799,
    0,
    0.9309908323108169,
    0.7612143165812454,
    2.5365327766409727,
    0.9721912266879468,
    0.9730963631616448,
    0.9749849385888899,
    0.9859805535390735,
    1.2783095306290848,
    1.0933549789129187,
    1.080534155806022,
    1.391179234091783,
    0.23131812371397303,
    0.12167099269705722,
    0.39023687982764876,
    0.042066889908522684,
    2.070312830990685,
    0.020494603698293163,
    0.07548129924958932,
    1.3920754321939282,
    0.12128440096018392,
    0.9309908323108169,
    0,
    0.20179732785790636,
    1.7754889308964383,
    0.13324603592561304,
    0.056231146057521816,
    0.2101503012448602,
    0.17938962663517902,
    0.3510729395885122,
    0.23812313252278697,
    0.2770198138611631,
    1.587905489781889,
    0.04158978114449138,
    0.3227097618340165,
    0.5920028681862411,
    0.2437834734092517,
    2.2720259075223983,
    0.22227406610638423,
    0.20249654398995912,
    1.5912094754938042,
    0.23800047679678463,
    0.7612143165812454,
    0.20179732785790636,
    0,
    1.9769267048130177,
    0.31098528348058824,
    0.25703520964032306,
    0.36964738534998154,
    0.3512480203582478,
    0.5442055818893039,
    0.43300709731179055,
    0.46069097508375473,
    0.4194898407619641,
    2.0060400715698665,
    1.6561681766444398,
    1.38550593360578,
    1.7334241259410577,
    0.3053402837545985,
    1.7549963935167479,
    1.7924292195450415,
    0.3977457045280885,
    1.7774925808620776,
    2.5365327766409727,
    1.7754889308964383,
    1.9769267048130177,
    0,
    1.6851802262078548,
    1.7212792092646318,
    1.6536973735188307,
    1.656008475594106,
    1.4402148138615347,
    1.5566491620473397,
    1.5471681042691223,
    1.320947848964875,
    0.32973693751344585,
    0.08025445169453277,
    0.31142284904576584,
    0.10988816502012878,
    1.9707767296432248,
    0.12020498166490476,
    0.10982776415230792,
    1.3148385142158667,
    0.09545343614153533,
    0.9721912266879468,
    0.13324603592561304,
    0.31098528348058824,
    1.6851802262078548,
    0,
    0.09082919418425929,
    0.07998689776276721,
    0.04622993995458137,
    0.31843436429654626,
    0.12861950048214443,
    0.14989654384943932,
    1.3403513698011207,
    0.2847961719711791,
    0.06570583822176745,
    0.3357748010262809,
    0.019626310016474757,
    2.0150166276997847,
    0.036773110016986486,
    0.09244779945051014,
    1.3398326154755404,
    0.12082707637642384,
    0.9730963631616448,
    0.056231146057521816,
    0.25703520964032306,
    1.7212792092646318,
    0.09082919418425929,
    0,
    0.17081231332053215,
    0.13596811697289138,
    0.30540517898041974,
    0.18261907371357788,
    0.22481440349161272,
    1.3065727118703556,
    0.38186205146640734,
    0.14858977094245404,
    0.31142966906889175,
    0.1897906934214807,
    1.930550533366157,
    0.19896510929981356,
    0.16909998017896122,
    1.295516121681161,
    0.1330418209932511,
    0.9749849385888899,
    0.2101503012448602,
    0.36964738534998154,
    1.6536973735188307,
    0.07998689776276721,
    0.17081231332053215,
    0,
    0.03778555006188536,
    0.3499200562718461,
    0.12488119492899342,
    0.10761913704225928,
    1.3001846727140238,
    0.3671626253616313,
    0.11084448500445755,
    0.2961794233618224,
    0.15533065382546332,
    1.9376217509280684,
    0.16638530091806406,
    0.14875178605627373,
    1.291496083135885,
    0.12200890589913739,
    0.9859805535390735,
    0.17938962663517902,
    0.3512480203582478,
    1.656008475594106,
    0.04622993995458137,
    0.13596811697289138,
    0.03778555006188536,
    0,
    0.3223657688252713,
    0.10740243642644967,
    0.11114887083359026,
    1.0437693740064402,
    0.5786928990135747,
    0.25128307605891353,
    0.1294912085035014,
    0.3110683747920281,
    1.7423337926585267,
    0.33168071833496265,
    0.39501386486118006,
    1.048769670266327,
    0.40673257318299566,
    1.2783095306290848,
    0.3510729395885122,
    0.5442055818893039,
    1.4402148138615347,
    0.31843436429654626,
    0.30540517898041974,
    0.3499200562718461,
    0.3223657688252713,
    0,
    0.2301754403002037,
    0.2826741617183301,
    1.1943127370971378,
    0.45516230349628933,
    0.12187509093093779,
    0.1888452547368801,
    0.20046371591121281,
    1.8435237114889613,
    0.21936508883560268,
    0.23655104046667594,
    1.1870139524232677,
    0.22276443901909326,
    1.0933549789129187,
    0.23812313252278697,
    0.43300709731179055,
    1.5566491620473397,
    0.12861950048214443,
    0.18261907371357788,
    0.12488119492899342,
    0.10740243642644967,
    0.2301754403002037,
    0,
    0.06407371897291425,
    1.1994547065630141,
    0.47795750500897155,
    0.1724828515862637,
    0.2156750048992293,
    0.2440401686716479,
    1.8268426984751232,
    0.2603310901347441,
    0.25860422486311363,
    1.1879537116504988,
    0.23278716531306134,
    1.080534155806022,
    0.2770198138611631,
    0.46069097508375473,
    1.5471681042691223,
    0.14989654384943932,
    0.22481440349161272,
    0.10761913704225928,
    0.11114887083359026,
    0.2826741617183301,
    0.06407371897291425,
    0,
  ],
  [
    "C",
    0,
    0.5653792511172004,
    0.6619369101057575,
    0.9545248085678111,
    0.5599122698941598,
    2.3347977669864832,
    0.29529552293162853,
    0.4916896288539903,
    1.8015442987575612,
    0.08479240386454973,
    0.7838847192227031,
    0.45944318365019443,
    0.3051736380189945,
    2.0791067065114968,
    0.15616922337865335,
    0.16487138494770084,
    0.2139747568506486,
    0.33733183930506255,
    0.23385069513338816,
    0.4670244579788494,
    0.39035337653423835,
    0.5653792511172004,
    0,
    0.14647768448862472,
    0.4149455340953644,
    0.11678729310339026,
    1.9441173215579624,
    0.2773784587283884,
    0.2430613019650682,
    1.24468673277921,
    0.6279779132731347,
    1.3391599188937713,
    0.15437888245133874,
    0.8676883758900881,
    1.5834664997769583,
    0.7206755618035724,
    0.4889218637453984,
    0.7388191584954306,
    0.8716468772185667,
    0.7947423634762247,
    1.029389918060419,
    0.955712577137006,
    0.6619369101057575,
    0.14647768448862472,
    0,
    0.2930604471475619,
    0.10318774407330131,
    1.8016581555735973,
    0.3959840986139212,
    0.22444922156493563,
    1.139691186793431,
    0.7336035918972917,
    1.4075900699814332,
    0.2034991623087034,
    0.9670291718624483,
    1.452067807869281,
    0.8118571323894366,
    0.6120692929880476,
    0.8086856314167032,
    0.9857415123114915,
    0.8956700809824186,
    1.1286450848920984,
    1.0479670868000175,
    0.9545248085678111,
    0.4149455340953644,
    0.2930604471475619,
    0,
    0.3946202332835914,
    1.5404309661343258,
    0.6856595254564428,
    0.4886006670527532,
    0.8478367480765625,
    1.0266615454034813,
    1.6819956915325653,
    0.4951701425387379,
    1.2593732281767596,
    1.1687091499172246,
    1.1028972730946927,
    0.9009594439569205,
    1.0913005778168525,
    1.2782695564155377,
    1.188359394386927,
    1.4206707076566922,
    1.3383537817218683,
    0.5599122698941598,
    0.11678729310339026,
    0.10318774407330131,
    0.3946202332835914,
    0,
    1.880945479861185,
    0.3035942124515513,
    0.13997203943190914,
    1.2421362990618754,
    0.6329904375533252,
    1.3056943285694365,
    0.10062563494742507,
    0.8647808015005879,
    1.5448225933634059,
    0.7089867342073843,
    0.5186063269047825,
    0.7060015190313211,
    0.8865971885681888,
    0.7937561623688856,
    1.0262029628647005,
    0.9449863641903146,
    2.3347977669864832,
    1.9441173215579624,
    1.8016581555735973,
    1.5404309661343258,
    1.880945479861185,
    0,
    2.179258695876196,
    1.8874303488624442,
    0.8603014517701836,
    2.4180328337586987,
    2.313715962574312,
    1.9638089289132639,
    2.515989161310271,
    0.417754701084589,
    2.397655999320925,
    2.381295973914025,
    2.2901000699347844,
    2.6240087089500137,
    2.492417512813658,
    2.5667383033635356,
    2.495591585676448,
    0.29529552293162853,
    0.2773784587283884,
    0.3959840986139212,
    0.6856595254564428,
    0.3035942124515513,
    2.179258695876196,
    0,
    0.30116738483049504,
    1.5220475201238233,
    0.3516601564443736,
    1.078618302150821,
    0.2154606362855791,
    0.592355537855766,
    1.8474879672880733,
    0.45137526446116005,
    0.21608794593196803,
    0.48982020748405003,
    0.5947368460998613,
    0.5191758812888725,
    0.7534794255233447,
    0.6830674612232591,
    0.4916896288539903,
    0.2430613019650682,
    0.22444922156493563,
    0.4886006670527532,
    0.13997203943190914,
    1.8874303488624442,
    0.30116738483049504,
    0,
    1.329317866846255,
    0.5727398846884049,
    1.1943128490124382,
    0.111157967906716,
    0.7880604524365942,
    1.5890627944073121,
    0.6276120336838935,
    0.4940873730049068,
    0.603868505888973,
    0.8285897999629315,
    0.7209753256633825,
    0.9457212407571818,
    0.8585701918995745,
    1.8015442987575612,
    1.24468673277921,
    1.139691186793431,
    0.8478367480765625,
    1.2421362990618754,
    0.8603014517701836,
    1.5220475201238233,
    1.329317866846255,
    0,
    1.8708460313283881,
    2.4877671963658883,
    1.3427596654432037,
    2.1066974159814142,
    0.446236124861213,
    1.9507210593752693,
    1.7308410523579931,
    1.9319521741363832,
    2.115709268592385,
    2.0350559508638275,
    2.2683197973658795,
    2.185845693300059,
    0.08479240386454973,
    0.6279779132731347,
    0.7336035918972917,
    1.0266615454034813,
    0.6329904375533252,
    2.4180328337586987,
    0.3516601564443736,
    0.5727398846884049,
    1.8708460313283881,
    0,
    0.7417158107538839,
    0.533317564385068,
    0.24101151370705415,
    2.1615317090138757,
    0.12292387548888246,
    0.17116371794948046,
    0.22421360976660054,
    0.25618383724363164,
    0.16778866244449003,
    0.40181952478511646,
    0.3345355643486849,
    0.7838847192227031,
    1.3391599188937713,
    1.4075900699814332,
    1.6819956915325653,
    1.3056943285694365,
    2.313715962574312,
    1.078618302150821,
    1.1943128490124382,
    2.4877671963658883,
    0.7417158107538839,
    0,
    1.2088608408026544,
    0.5128325191793012,
    2.4694695575628156,
    0.6288649432044514,
    0.9110831035132148,
    0.601420762218924,
    0.5766513321024779,
    0.581299869743951,
    0.38150664918803856,
    0.41336399030433796,
    0.45944318365019443,
    0.15437888245133874,
    0.2034991623087034,
    0.4951701425387379,
    0.10062563494742507,
    1.9638089289132639,
    0.2154606362855791,
    0.111157967906716,
    1.3427596654432037,
    0.533317564385068,
    1.2088608408026544,
    0,
    0.7642039533235528,
    1.6396381759318355,
    0.6084059244230191,
    0.4259032254135125,
    0.6080166443745467,
    0.7877666501766679,
    0.6932933040859125,
    0.9255862603937145,
    0.844472564435364,
    0.3051736380189945,
    0.8676883758900881,
    0.9670291718624483,
    1.2593732281767596,
    0.8647808015005879,
    2.515989161310271,
    0.592355537855766,
    0.7880604524365942,
    2.1066974159814142,
    0.24101151370705415,
    0.5128325191793012,
    0.7642039533235528,
    0,
    2.356326060615784,
    0.1610226902876358,
    0.4029089353112387,
    0.23434097041356,
    0.11813338965318511,
    0.07322545862257725,
    0.1619947661039619,
    0.09954461743825171,
    2.0791067065114968,
    1.5834664997769583,
    1.452067807869281,
    1.1687091499172246,
    1.5448225933634059,
    0.417754701084589,
    1.8474879672880733,
    1.5890627944073121,
    0.446236124861213,
    2.1615317090138757,
    2.4694695575628156,
    1.6396381759318355,
    2.356326060615784,
    0,
    2.1984359251536736,
    2.0632976639927216,
    2.1304177178522394,
    2.4162965139096735,
    2.298679302098489,
    2.4912471639340854,
    2.3967198115134942,
    0.15616922337865335,
    0.7206755618035724,
    0.8118571323894366,
    1.1028972730946927,
    0.7089867342073843,
    2.397655999320925,
    0.45137526446116005,
    0.6276120336838935,
    1.9507210593752693,
    0.12292387548888246,
    0.6288649432044514,
    0.6084059244230191,
    0.1610226902876358,
    2.1984359251536736,
    0,
    0.2923158150602006,
    0.12171346707490914,
    0.23162687523224929,
    0.10149700106648274,
    0.31870440116975096,
    0.236338332636687,
    0.16487138494770084,
    0.4889218637453984,
    0.6120692929880476,
    0.9009594439569205,
    0.5186063269047825,
    2.381295973914025,
    0.21608794593196803,
    0.4940873730049068,
    1.7308410523579931,
    0.17116371794948046,
    0.9110831035132148,
    0.4259032254135125,
    0.4029089353112387,
    2.0632976639927216,
    0.2923158150602006,
    0,
    0.37586398986974384,
    0.38524525702689427,
    0.3312492127875357,
    0.5582247121284916,
    0.5002904663171182,
    0.2139747568506486,
    0.7388191584954306,
    0.8086856314167032,
    1.0913005778168525,
    0.7060015190313211,
    2.2901000699347844,
    0.48982020748405003,
    0.603868505888973,
    1.9319521741363832,
    0.22421360976660054,
    0.601420762218924,
    0.6080166443745467,
    0.23434097041356,
    2.1304177178522394,
    0.12171346707490914,
    0.37586398986974384,
    0,
    0.33392174408388114,
    0.20291358992549619,
    0.36316100036930105,
    0.26915903570121874,
    0.33733183930506255,
    0.8716468772185667,
    0.9857415123114915,
    1.2782695564155377,
    0.8865971885681888,
    2.6240087089500137,
    0.5947368460998613,
    0.8285897999629315,
    2.115709268592385,
    0.25618383724363164,
    0.5766513321024779,
    0.7877666501766679,
    0.11813338965318511,
    2.4162965139096735,
    0.23162687523224929,
    0.38524525702689427,
    0.33392174408388114,
    0,
    0.1324674627764485,
    0.19560291749561795,
    0.18851345134266875,
    0.23385069513338816,
    0.7947423634762247,
    0.8956700809824186,
    1.188359394386927,
    0.7937561623688856,
    2.492417512813658,
    0.5191758812888725,
    0.7209753256633825,
    2.0350559508638275,
    0.16778866244449003,
    0.581299869743951,
    0.6932933040859125,
    0.07322545862257725,
    2.298679302098489,
    0.10149700106648274,
    0.3312492127875357,
    0.20291358992549619,
    0.1324674627764485,
    0,
    0.23466244890871854,
    0.1690547411771971,
    0.4670244579788494,
    1.029389918060419,
    1.1286450848920984,
    1.4206707076566922,
    1.0262029628647005,
    2.5667383033635356,
    0.7534794255233447,
    0.9457212407571818,
    2.2683197973658795,
    0.40181952478511646,
    0.38150664918803856,
    0.9255862603937145,
    0.1619947661039619,
    2.4912471639340854,
    0.31870440116975096,
    0.5582247121284916,
    0.36316100036930105,
    0.19560291749561795,
    0.23466244890871854,
    0,
    0.09459162249465229,
    0.39035337653423835,
    0.955712577137006,
    1.0479670868000175,
    1.3383537817218683,
    0.9449863641903146,
    2.495591585676448,
    0.6830674612232591,
    0.8585701918995745,
    2.185845693300059,
    0.3345355643486849,
    0.41336399030433796,
    0.844472564435364,
    0.09954461743825171,
    2.3967198115134942,
    0.236338332636687,
    0.5002904663171182,
    0.26915903570121874,
    0.18851345134266875,
    0.1690547411771971,
    0.09459162249465229,
    0,
  ],
  [
    "D",
    0,
    0.34786269413936705,
    0.12604145488194501,
    0.22356265147002094,
    0.12144304333005791,
    1.9217183973083594,
    1.7145733192061816,
    0.007736637874800035,
    1.4869835382037537,
    2.0108728160217404,
    0.9886650105757115,
    0.15465293851961692,
    0.46806925237445257,
    1.7623383365187586,
    1.9289871665645024,
    2.6042016530026504,
    0.1135467281052707,
    2.776707882401481,
    0.3758530241211912,
    2.741700247687276,
    0.2325354144448119,
    0.34786269413936705,
    0,
    0.36702019520262014,
    0.5443440280527334,
    0.4386283559341066,
    2.2661324074008737,
    1.4418776640753117,
    0.3538665378438806,
    1.8144854500315895,
    1.7483759012949993,
    0.7537216307305362,
    0.4156053158151135,
    0.183105128515019,
    2.101259030111808,
    1.7283534657667508,
    2.3151142290682736,
    0.3877607492888763,
    2.4923836991085557,
    0.1651797720638156,
    2.5417243978279673,
    0.580365665805219,
    0.12604145488194501,
    0.36702019520262014,
    0,
    0.31546806713258757,
    0.0914153150620826,
    1.9371765209090304,
    1.6334824104051162,
    0.12137822876400688,
    1.531854965747232,
    1.9208539642358022,
    0.9061279253276493,
    0.049102060416299796,
    0.4372472734206903,
    1.7898347046526537,
    1.8210710884353416,
    2.51242622523587,
    0.03053476282643328,
    2.6747146917009865,
    0.33569277205945475,
    2.619819158919435,
    0.26354624867297893,
    0.22356265147002094,
    0.5443440280527334,
    0.31546806713258757,
    0,
    0.2414904313259005,
    1.7236432886114823,
    1.937848194800168,
    0.22173142289868736,
    1.2726801263026886,
    2.232206312150774,
    1.2111710123227006,
    0.3124836902172417,
    0.6858125832521202,
    1.556931205789495,
    2.1355372889638424,
    2.8258175718862963,
    0.287953268427513,
    2.988550217586221,
    0.5975172609215673,
    2.886738770530062,
    0.14419585928579526,
    0.12144304333005791,
    0.4386283559341066,
    0.0914153150620826,
    0.2414904313259005,
    0,
    1.8503617980337166,
    1.7213000687160558,
    0.11378916764163535,
    1.4405825896275974,
    2.0051534774961666,
    0.9947632170823483,
    0.07175774200558391,
    0.5251280738784342,
    1.7005096830379194,
    1.895364514705932,
    2.593240912728192,
    0.06116566633725476,
    2.747080139526517,
    0.42455978222981405,
    2.67003314308157,
    0.1723995263257545,
    1.9217183973083594,
    2.2661324074008737,
    1.9371765209090304,
    1.7236432886114823,
    1.8503617980337166,
    0,
    2.4106059514164766,
    1.9164219060803234,
    0.48279894308963595,
    2.1412958560163093,
    2.56072164253096,
    1.895748684929801,
    2.3743185361020953,
    0.1796724771059392,
    2.0332090542769046,
    1.6722347681210408,
    1.9094599512138881,
    1.5045396261082176,
    2.2721856550755777,
    1.4088056857677984,
    1.6916272584508234,
    1.7145733192061816,
    1.4418776640753117,
    1.6334824104051162,
    1.937848194800168,
    1.7213000687160558,
    2.4106059514164766,
    0,
    1.7161519972916086,
    2.8051377509918654,
    0.30667822754967977,
    0.7277165895221733,
    1.6523218496219583,
    1.2706589103756212,
    2.573593141790497,
    0.37920766630544744,
    0.8905654486144848,
    1.663583515031803,
    1.0672498028640678,
    1.3470526318733886,
    1.1004129055571066,
    1.8905351276365845,
    0.007736637874800035,
    0.3538665378438806,
    0.12137822876400688,
    0.22173142289868736,
    0.11378916764163535,
    1.9164219060803234,
    1.7161519972916086,
    0,
    1.483012107022869,
    2.011808533464871,
    0.9898566116496736,
    0.1483844273329706,
    0.4720129101250385,
    1.7575497675110807,
    1.9280678215657152,
    2.6053271396754245,
    0.10756562197819049,
    2.776990818291257,
    0.37905522836713007,
    2.738778059847203,
    0.22651080355645245,
    1.4869835382037537,
    1.8144854500315895,
    1.531854965747232,
    1.2726801263026886,
    1.4405825896275974,
    0.48279894308963595,
    2.8051377509918654,
    1.483012107022869,
    0,
    2.6064797623903466,
    2.3814071347275467,
    1.4990922745089748,
    1.955023306684284,
    0.30318272315354494,
    2.446991622715536,
    2.1463573058377317,
    1.501748249717181,
    1.9730665822771725,
    1.8600216294756613,
    1.8888234538508708,
    1.2702040065509441,
    2.0108728160217404,
    1.7483759012949993,
    1.9208539642358022,
    2.232206312150774,
    2.0051534774961666,
    2.1412958560163093,
    0.30667822754967977,
    2.011808533464871,
    2.6064797623903466,
    0,
    1.0225819500408544,
    1.9342704080561302,
    1.5758698254948862,
    2.317153880320756,
    0.23627284629462497,
    0.5936859011393796,
    1.9501997127141373,
    0.7671910441592041,
    1.649381002382276,
    0.7937453410227254,
    2.168539135813485,
    0.9886650105757115,
    0.7537216307305362,
    0.9061279253276493,
    1.2111710123227006,
    0.9947632170823483,
    2.56072164253096,
    0.7277165895221733,
    0.9898566116496736,
    2.3814071347275467,
    1.0225819500408544,
    0,
    0.9269229766236962,
    0.5713535941344481,
    2.5294973680810493,
    0.9749265292022843,
    1.6155366614164692,
    0.9363548149157065,
    1.789737778436488,
    0.631278213630204,
    1.798774538442148,
    1.1655217400434015,
    0.15465293851961692,
    0.4156053158151135,
    0.049102060416299796,
    0.3124836902172417,
    0.07175774200558391,
    1.895748684929801,
    1.6523218496219583,
    0.1483844273329706,
    1.4990922745089748,
    1.9342704080561302,
    0.9269229766236962,
    0,
    0.47875936772648353,
    1.7515249648162918,
    1.8237630094745663,
    2.521544907876675,
    0.041714939987526324,
    2.676083060564339,
    0.37644525159316,
    2.6059877460473433,
    0.2386026376062719,
    0.46806925237445257,
    0.183105128515019,
    0.4372472734206903,
    0.6858125832521202,
    0.5251280738784342,
    2.3743185361020953,
    1.2706589103756212,
    0.4720129101250385,
    1.955023306684284,
    1.5758698254948862,
    0.5713535941344481,
    0.47875936772648353,
    0,
    2.225051346669631,
    1.546274180114126,
    2.155346800380816,
    0.46532873661961,
    2.3336764149491613,
    0.10259815194507932,
    2.3657576050100384,
    0.6893448406157707,
    1.7623383365187586,
    2.101259030111808,
    1.7898347046526537,
    1.556931205789495,
    1.7005096830379194,
    0.1796724771059392,
    2.573593141790497,
    1.7575497675110807,
    0.30318272315354494,
    2.317153880320756,
    2.5294973680810493,
    1.7515249648162918,
    2.225051346669631,
    0,
    2.19440124393529,
    1.8483068405672622,
    1.7609164497778715,
    1.6782541486056144,
    2.125069002873519,
    1.5870456409459845,
    1.5360842408315116,
    1.9289871665645024,
    1.7283534657667508,
    1.8210710884353416,
    2.1355372889638424,
    1.895364514705932,
    2.0332090542769046,
    0.37920766630544744,
    1.9280678215657152,
    2.446991622715536,
    0.23627284629462497,
    0.9749265292022843,
    1.8237630094745663,
    1.546274180114126,
    2.19440124393529,
    0,
    0.7025573119108951,
    1.847798656798054,
    0.8537130367518752,
    1.6012642843224358,
    0.829608405525019,
    2.0420304725338005,
    2.6042016530026504,
    2.3151142290682736,
    2.51242622523587,
    2.8258175718862963,
    2.593240912728192,
    1.6722347681210408,
    0.8905654486144848,
    2.6053271396754245,
    2.1463573058377317,
    0.5936859011393796,
    1.6155366614164692,
    2.521544907876675,
    2.155346800380816,
    1.8483068405672622,
    0.7025573119108951,
    0,
    2.54109819442641,
    0.17834952787401243,
    2.2366883330254828,
    0.2725366523004248,
    2.7445232763596725,
    0.1135467281052707,
    0.3877607492888763,
    0.03053476282643328,
    0.287953268427513,
    0.06116566633725476,
    1.9094599512138881,
    1.663583515031803,
    0.10756562197819049,
    1.501748249717181,
    1.9501997127141373,
    0.9363548149157065,
    0.041714939987526324,
    0.46532873661961,
    1.7609164497778715,
    1.847798656798054,
    2.54109819442641,
    0,
    2.701480624370922,
    0.3642487326382962,
    2.640457093648922,
    0.2330537146695761,
    2.776707882401481,
    2.4923836991085557,
    2.6747146917009865,
    2.988550217586221,
    2.747080139526517,
    1.5045396261082176,
    1.0672498028640678,
    2.776990818291257,
    1.9730665822771725,
    0.7671910441592041,
    1.789737778436488,
    2.676083060564339,
    2.3336764149491613,
    1.6782541486056144,
    0.8537130367518752,
    0.17834952787401243,
    2.701480624370922,
    0,
    2.4141669178289713,
    0.1614454741771169,
    2.868377654222523,
    0.3758530241211912,
    0.1651797720638156,
    0.33569277205945475,
    0.5975172609215673,
    0.42455978222981405,
